xx
0       0       0       0       0       1       1       0
0       0       0       0       0       1       1       0
0       0       0       0       0       0       1       0
0       0       1       0       0       1       1       0
0       0       0       0       0       0       1       0
0       0       0       0       0       0       1       0
0       0       0       0       0       0       0       0
0       0       0       0       0       0       0       0
0       0       0       0       0       0       0       0
0       0       0       0       0       0       0       0
0       0       0       0       0       0       0       0
0       0       0       0       0       0       0       0
0       0       0       0       0       0       0       0
0       0       0       0       0       0       0       0
0       0       0       0       0       0       0       0
0       0       0       0       0       0       0       0
yy
1       1       0       0       0       0       0       0
1       0       0       0       0       0       0       0
1       1       0       0       0       0       0       0
1       1       0       0       0       0       0       0
0       1       0       0       0       0       0       0
0       1       0       0       0       0       0       0
0       0       0       0       0       0       0       0
0       0       0       0       0       0       0       0
0       0       0       0       0       0       0       0
0       0       0       0       0       0       0       0
0       0       0       0       0       0       0       0
0       0       0       0       0       0       0       0
0       0       0       0       0       0       0       0
0       0       0       0       0       0       0       0
0       0       0       0       0       0       0       0
0       0       0       0       0       0       0       0
